5 6 0 0 3 3 6 0 1 3 4 5 7
5 6 0 1 2 4 6 0 1 2 3 4 7
5 6 0 2 6 1 6 0 1 2 3 4 5
5 6 0 3 4 3 6 1 3 4 5 7 10
5 6 0 4 3 3 6 0 1 4 5 6 7
5 6 0 5 2 4 6 1 2 3 4 5 6
5 6 0 6 2 4 6 0 1 2 5 6 7
5 6 0 7 2 4 6 0 1 2 3 5 6
5 6 0 8 3 3 6 0 1 2 3 4 6
5 6 0 9 3 2 6 0 1 2 3 4 5
5 5 0 10 3 3 5 0 1 4 5 7
5 5 0 11 3 3 5 1 2 3 4 7
5 5 0 12 3 3 5 0 1 2 4 7
5 5 0 13 3 3 5 1 3 4 5 7
5 5 0 14 4 2 5 1 2 3 5 7
5 5 0 15 4 2 5 0 2 3 4 6
5 5 0 16 2 4 5 0 1 2 6 7
5 5 0 17 2 4 5 1 2 3 4 5
5 5 0 18 3 3 5 1 2 3 4 6
5 5 1 19 3 2 5 0 2 3 4 5
5 5 1 20 3 2 5 1 2 3 4 5
5 5 1 21 5 1 5 0 1 2 3 4
5 5 1 22 3 2 5 0 1 2 4 5
5 5 1 23 3 3 5 0 1 4 7 8
5 5 1 24 3 3 5 1 2 4 6 7
5 5 1 25 3 3 5 0 1 2 3 6
5 5 1 26 4 2 5 0 2 4 6 7
5 5 1 27 4 2 5 1 3 5 6 7
